-1.398539152017574906e+03
-1.489010914023174792e+03
-1.752849582029172325e+03
-1.179423728856865864e+03
-1.532771471015127190e+03
-1.342241939237462930e+03
-9.179927411327037134e+02
-1.487492413020560434e+03
-8.593740045963247667e+02
-9.578644079555201643e+02
-8.612011771470598660e+02
-1.081504829231725353e+03
-7.141795573453578072e+02
-1.073777436140971304e+03
-7.499633397250804592e+02
-7.481456736125876432e+02
-4.558345186703899685e+02
-6.202601613314063798e+02
-5.053887397833279920e+02
-7.336079019658486686e+02
-6.243403671275245870e+02
-6.326777530426295471e+02
-1.000380548618003331e+03
-8.624046029507533149e+02
-1.024963295006749149e+03
-8.477555892456911124e+02
-9.629150565444595031e+02
-1.117995190975428841e+03
-8.467897682301180566e+02
-7.826761165786671199e+02
-9.952677814628252690e+02
-8.049619435296903021e+02
-7.563063300422057864e+02
-7.467250016091793441e+02
-8.210215437543608914e+02
-3.844346171835962309e+02
-5.857996359942372919e+02
-4.856452654584812763e+02
-2.493376228604600726e+02
-2.522689981872846090e+02
-2.614352734567713128e+02
-7.323415318194113297e+02
-7.107735505704212073e+02
-6.506138266917561168e+02
-5.006960830481398261e+02
-6.409963153899601593e+02
-6.082942171727003142e+02
-3.812799216995030633e+02
-6.117601416167563002e+02
-8.902402435482331384e+02
-3.841618957374009256e+02
-6.276874420543352926e+02
-6.278955048631693217e+02
-7.449280811599531944e+02
-5.350953851373573116e+02
-6.191289132339579737e+02
-5.003908927334157966e+02
-6.220458152283511026e+02
-7.539836585675991500e+02
-4.862611400492231724e+02
-6.215649347708276764e+02
-6.292171066854251649e+02
-5.665359502210503706e+02
-6.314472082061835181e+02
-6.104093225355106824e+02
-3.804604886893393427e+02
-5.099706104624789305e+02
-6.405732814050903698e+02
-5.112058683144728661e+02
-6.862101543205023972e+02
-3.825813946228684017e+02
-3.906689076767481765e+02
-3.785269736814687462e+02
-4.921718649899113984e+02
-7.319953342207242031e+02
-3.850587260164190866e+02
-6.295844042135225891e+02
-5.083103044613732209e+02
-3.835779476020475158e+02
-2.541632663643466685e+02
-3.835078188030689148e+02
-2.607486432732950448e+02
-3.878596426670349615e+02
-2.619540479634916892e+02
-6.939781641490484390e+02
-4.988462901114821761e+02
-2.502518275046931251e+02
-1.325053270135305183e+02
-4.886458112072396034e+02
-6.795834137417127749e+02
-6.301029593706826972e+02
-5.090118016980187008e+02
-4.004674202436951873e+02
-2.609637153967038898e+02
-2.538521011886566328e+02
-5.029506154847489938e+02
-3.828829155461380651e+02
-5.113181570060738750e+02
-3.671411147517951576e+02
-3.633104370393439808e+02
-1.379393471418874242e+02
-5.570271688837859756e+02
-2.651647942611871827e+02
-2.634880616240602649e+02
-2.663481938410549219e+02
-2.896480554566521164e+02
-2.632803028709470254e+02
-3.705503201826595046e+02
-4.979313813235073098e+02
-3.769113288639771895e+02
-4.893188870509997628e+02
-3.631326066755618740e+02
-5.058397256253045953e+02
-1.323041618321615829e+02
-4.565109596709629045e+02
-3.705216375910873126e+02
-5.757295540582713329e+02
-4.743825315015308206e+02
-2.638366132232304153e+02
-6.030491345643019940e+02
-2.519510062505796668e+02
-2.579583097063116952e+02
-2.613456226014006347e+02
-3.742862139646383639e+02
-1.368399394462071825e+02
-2.489659674141227867e+02
-1.344427180085091038e+02
-2.488950140637136315e+02
-4.966388836742809758e+02
-3.730564890985847342e+02
-3.867569451067492992e+02
-3.840890565160197525e+02
-3.765843528514992045e+02
-6.083547110740149719e+02
-2.647838899889674735e+02
-2.673151366744844495e+02
-2.552189116358038632e+02
-1.413781368034646846e+02
-1.386125225255554767e+02
-2.468394657516510051e+02
-4.868457037913920544e+02
-3.811960250937664796e+02
-4.041380490794689422e+02
-2.624463340911166256e+02
-2.546310982454068608e+02
-3.696696964948556570e+02
-2.593921490238233218e+02
-3.872010036841688247e+02
-3.996054762229761081e+01
-4.942522144607942778e+02
-5.423177274628934583e+02
-2.618829685778408134e+02
-2.566212034290286397e+02
-1.370188332764856796e+02
-3.599883912782521520e+02
-1.382378335024762634e+02
-3.802158015772521367e+02
-2.543272147471841436e+02
-2.524503833224804055e+02
-2.356638870747384544e+02
-2.499164116866108429e+02
-1.326457045961396659e+02
-1.248650867905923860e+02
-1.581271430774083342e+02
-3.659611927288715947e+02
-1.300023130364957638e+02
-1.299095879473965738e+02
-2.485692375729399544e+02
-2.421339880223710850e+02
-2.521181307133825555e+02
-5.511118280692988947e+02
-3.583872224249935812e+02
-1.298477986032083891e+02
-8.765442184026953854e+00
-2.577882710311199617e+02
-1.328462372165821037e+01
-1.393679385419204664e+02
-4.642194083478672724e+02
-2.381316834241765434e+02
-9.146514007449209060e+00
-3.714883097940929133e+02
-1.343973851268497697e+02
-2.520332931621347825e+02
-2.594783605584250381e+02
-1.340143182366036854e+02
-3.016213951422439550e+02
-3.646025012128056915e+02
-1.433903777854571793e+01
-2.623463062960082652e+02
-3.634362064416704925e+02
-2.730707337727710637e+02
-1.372865303387832228e+02
-2.586810066004046575e+02
-1.300690489677407129e+02
-3.473415888545530947e+02
-1.349649761676434423e+02
-1.323142347407774650e+02
-2.612582899457314625e+02
-1.339448886161277414e+02
-1.372374454016513710e+02
-2.518826663178635954e+02
-1.347125314955072213e+02
-1.338475529712013099e+02
-2.512116662864832790e+02
-1.191021658148995677e+01
-1.313822347660060927e+02
-2.554706802530550647e+02
-1.378121766380975544e+02
-8.543920300948565583e+00
-1.353222300772945914e+02
-1.369020567599011997e+02
-1.347677339458170138e+02
-2.489141613960460688e+02
-1.443685146121569751e+01
-1.393028701475550122e+02
-5.075228643353775624e+02
-1.405231425072342120e+02
-1.316488802875791748e+02
-2.402487115348202735e+02
-2.518253058005163609e+02
-1.310881492201493472e+02
-2.442169089123183880e+02
-1.302706607323680146e+02
-2.388298843265219205e+02
-1.310590255220268148e+02
-1.248510959955265491e+02
-1.465973579746358801e+01
-1.383998350668115620e+02
-1.330428849287529260e+02
-1.385141132277790348e+02
-2.322192239503879136e+02
-1.331404397169648064e+02
-1.346693787313104735e+02
-1.279765322170180752e+02
-3.663420507614223993e+02
-4.057347849352116214e+02
-2.332572209584381540e+02
-2.358597831752901754e+02
-2.472411215246604286e+02
-2.383832387232187102e+02
-1.322256660034036884e+02
-1.252294815663242531e+02
-1.309088241306324392e+02
-1.303648994526726881e+02
-1.294605254530958121e+02
-1.444510990412076978e+02
-1.224660286137176115e+02
-1.228706880719855690e+02
-1.350286845139544489e+01
-4.978127638089830498e+00
-2.529553238253012353e+02
-1.264343298801573781e+02
-1.261443162570308232e+02
-8.316903997608180887e+00
-2.358870201807543765e+02
-3.832496583896229936e+02
-1.306777827285197873e+02
-1.252475503840094007e+02
-2.336791076518575210e+02
-2.271587466121902139e+02
-8.780078130568089279e+00
-5.312680730686428099e+00
-2.519459930174450903e+02
-1.057961576040382745e+01
-2.460236317968225990e+02
-1.292070683316306372e+02
-5.644616744964528365e+00
-1.248651710823568379e+02
-1.357522192655770539e+02
-1.225513937436534349e+02
-2.614772833112028252e+02
-2.471316060256535820e+02
-8.095453988717505212e+00
-1.278584016531747665e+02
-2.290127653455583356e+02
-1.229101259926386405e+02
-1.355053920791945288e+01
-1.324520673216597402e+02
-2.438427950402719944e+02
-1.361648102741173147e+02
-3.654614744511317781e+02
-1.258064252492118271e+02
-1.357025694371643567e+02
-3.000531110785541955e+02
-1.444740948931914559e+01
-1.358999308689676297e+02
-1.278608608790213594e+02
-1.368726120220894700e+02
-2.381885246379470118e+02
-1.317746769734677628e+02
-1.289978864501897817e+02
-1.331898758298504504e+02
-1.395464501969370588e+02
-9.014260835614750889e+00
-1.289375618814554798e+02
-1.349021029767278890e+02
-1.341239330929571736e+02
-1.389021574952779190e+02
-1.287276597874834465e+02
-1.311188129356397383e+02
-2.263147350388059067e+02
-2.303555279843321273e+02
-2.435412227942984771e+02
-2.486852638650491372e+02
-1.206668481685754557e+02
-1.361147694728227577e+02
-2.577129235442309323e+02
-4.904017633808764209e+00
-3.090695003070225084e+02
-1.313428482452907247e+02
-1.295326900816739339e+02
-1.304800685277833736e+02
-1.287526807939999571e+02
-2.316135718398557799e+02
-1.325288182453836896e+02
-1.370668730306654481e+02
-3.781657442606616542e+02
-2.589002595221687102e+02
-5.574150386129667289e+00
-1.064984241200578907e+01
-2.453101464535086507e+02
-3.602943607739374556e+02
-1.401762039417244807e+02
-1.375617290964502786e+02
-2.304558239883808710e+02
-2.305182632110582688e+02
-1.353229757685693073e+02
-1.382082749265258030e+02
-2.242889205541081594e+02
-1.295372723052133495e+02
-1.296589054839386961e+02
-2.620242857546493269e+02
-1.382893475829585554e+02
-1.261521313660886960e+02
-7.764139356679676141e+00
-2.369268715316140401e+02
-1.186625359103503854e+02
-8.894925316705714735e+00
-7.210362848334169072e+00
-1.270912747506511096e+02
-1.263345895117518438e+02
-6.634485576593467826e+00
-1.325317563185838878e+02
-1.354837853602691951e+02
-5.608660171467231947e+00
-1.283296476957561367e+02
-1.338699259106221575e+02
-1.368264052737416705e+02
-1.366820588809547417e+02
-1.292969166355538277e+02
-1.330835080029500546e+02
-1.398521429109220264e+02
-1.351283689963576649e+02
-1.354896696828209599e+02
-2.567301900160167065e+02
-2.669958148653139460e+02
-1.378669372055970541e+02
-1.307652893984845832e+02
-2.421572597183789526e+02
-1.340742998047028038e+02
-1.337471526138164677e+02
-1.291716939521921859e+02
-1.344189119875351821e+02
-1.520614034354949418e+01
-1.398715393427072797e+02
-2.434780455610829506e+02
-1.616888776726645105e+01
-2.597569430818820138e+02
-3.281581056875862146e+02
-2.254053792807017942e+02
-1.385064380957657022e+02
-1.264631512668908186e+02
-2.458699432595927874e+02
-1.254546163288397764e+02
-1.261096371490556010e+02
-1.264388489020206521e+02
-1.352435059802143940e+02
-2.397526830040870607e+02
-1.042847663507895462e+01
-2.837942045676618932e+02
-1.299164279585240251e+02
-2.469169236750146297e+02
-8.837108509493512898e+00
-2.550449929259486623e+02
-1.307874460460815556e+02
-2.538996012456725850e+02
-2.853963507196928617e+02
-9.955641607534127857e+00
-1.225048929886849720e+02
-1.292439444912692466e+02
-2.534200578374571649e+02
-1.356157369803498227e+02
-1.376577924941136359e+02
-1.235024154605137596e+02
-2.429435646351331570e+02
-2.519551298777529951e+02
-1.345902292190478136e+02
-1.238258871939827230e+02
-2.493234881425194658e+02
-2.391983371762450190e+02
-1.296644776280963640e+02
-1.345092359570761289e+02
-3.068073818698082960e+02
-1.336678173051014369e+02
-1.309057643717301858e+02
-2.300685302715383500e+02
-1.245724904165512044e+02
-2.442078380636944814e+02
-3.622486891447301218e+02
-1.255352143116713250e+02
-1.340652797560889553e+02
-1.288882173636208677e+02
-1.269954514924626068e+02
-1.325241664140929458e+02
-1.388963526934602726e+02
-1.243734427664384299e+02
-2.493322260158001029e+02
-1.322342909324636366e+02
-1.335346277193033018e+02
-2.311869886708385593e+02
-3.118802831750674613e+02
-1.485992297250306571e+01
-2.425468281749759569e+02
-2.366812653902308341e+02
-1.322189522612144401e+02
-1.075614854474503268e+01
-2.429871392613100625e+02
-1.471586149975809299e+01
-1.347580076636361355e+02
-1.383510236707427055e+02
-1.389517676589672988e+02
-2.522145292713637161e+02
-1.325665365831953579e+02
-2.556156347660618167e+02
-1.274916428713020906e+02
-2.564449896607939650e+02
-1.347311682608082037e+02
-1.346246576822513532e+02
-1.360213601655797788e+02
-1.343859731012879593e+02
-3.688840431448601294e+02
-2.396243824484622849e+02
-2.511457267882978783e+02
-2.462912664649803958e+02
-1.308537740785223491e+02
-3.656472068132093796e+02
-1.324939074637817384e+02
-1.358250289781349807e+02
-1.771029174397294881e+01
-2.468582347990326582e+02
-1.395171768755469976e+01
-1.387110590861232140e+02
-2.374344570576871547e+02
-2.775401888799918311e+02
-1.301911497675243652e+02
-1.322191943368630689e+02
-1.307358673642505948e+02
-2.334542138862980210e+02
-1.354566314327000498e+02
-2.383467337482885284e+02
-1.294271314209474895e+02
-1.435199984992862987e+01
-1.344839623366513024e+02
-2.609412347967736991e+02
-1.348196143471892015e+02
-2.480624889972254152e+02
-1.397945050929378965e+02
-1.332586892259475349e+02
-3.107624884105488263e+02
-1.388633604984974284e+02
-1.404566968133030116e+02
-2.354334261521201768e+02
-3.248438285177503531e+02
-1.298039063190079503e+02
-1.401638364986922909e+02
-1.442215659551849569e+02
-1.341133397906864673e+02
-3.508165469800566143e+02
-1.382994564971630780e+02
-2.516289261183735277e+02
-1.375541436288600892e+02
-3.749351123408540047e+02
-1.410766880385160107e+02
-1.771883869554473989e+01
-1.305345743850525935e+02
-1.312215772477088649e+02
-1.320404617662590283e+02
-3.652486707312824592e+02
-1.342096024410992641e+02
-1.276915940763302615e+02
-2.357500249233668796e+02
-1.361599511544346512e+02
-1.409464113025710503e+02
-3.782125700979055409e+02
-1.322591391955339759e+02
-1.305492691222816006e+02
-1.492756519739531207e+01
-1.354244395450872958e+02
-1.380667668905499852e+02
-1.348668001587210199e+02
